0801
0803
0804
0811
0813
0814
0815
0821
0829
0831
0834
0839
0846
0851
0853
0861
0871
0873
0874
0875
0881
0885
0886
2001
2002
2004
2006
2012
2013
2052
2055
2057
2058
2059
2091
2109
2123
2124
2129
2139
2252
2308
2309
2310
2314
2331
2348
2351
2387
2442
2520
2522
2608
2610
2649
2661
2678
2708
2751
2817
2822
2826
2838
2890
2891
2898
2901
3001
3005
3010
3050
3086
3164
3176
3213
3234
3336
3353
3354
3358
3374
3378
3399
3402
3415
3502
3552
3554
3571
3572
3573
3575
3596
3619
3632
3643
3647
3661
3662
3671
3676
3689
3694
3724
3736
3800
3841
3852
3853
3893
3920
3989
4001
4002
4003
4004
4009
4029
4072
4222
4229
4314
4345
4471
4479
4493
4709
4713
4801
4813
4857
4876
4892
5001
5005
5071
5611
5660
5701
5713
5715
5717
5719
5724
5734
6001
6067
6077
6078
6079
6161
6182
6219
6331
6332
6351
6384
6385
6412
6419
6422
6427
6428
6433
6435
6437
6447
6452
6463
6465
6466
6480
6487
6531
6574
6605
6613
6614
6625
6631
6632
6711
6712
6716
6723
6731
6733
6761
6762
7001
7002
7006
7051
7119
7139
7151
2398
2769
2818
2899
2911
3045
3063
3237
3254
3267
3273
3309
3329
3385
3430
3432
3433
3488
3489
3506
3565
3576
3583
3607
3617
3663
3708
3704
3718
3715
3751
3755
3760
3762
3873
3957
3967
3903
3990
4353
3979
4376
4372
4375
4406
4384
4378
4461
4697
4704
4611
5150
5220
5263
5273
5414
5455
5493
5630
5651
3864
3785
5310
5139
6038
6181
6180
6209
6211
6240
6243
6252
6313
6327
6393
6424
6446
6467
6504
6506
6564
6571
6628
6639
7174
7175
7176
7187
7257
6413
6414
6223
6231
6357
6512
6509
7183
6403
2441
2449
2616
2625
3004
3073
3215
3458
3945
4219
4230
4271
4470
4475
4552
4751
4803
5108
5167
5360
5710
6282
6798
6799