0800
0812
0810
0820
0822
0828
0835
0832
0830
0837
0838
0836
0845
0841
0840
0852
0847
0850
0862
0854
0860
0880
0872
0870
2007
2008
2000
2011
2010
2009
2015
2017
2016
2019
2020
2018
2023
2021
2022
2024
2026
2029
2028
2027
2032
2031
2030
2034
2035
2033
2037
2036
2039
2041
2040
2043
2042
2044
2045
2046
2047
2049
2048
2050
2061
2062
2060
2063
2065
2064
2068
2066
2067
2071
2070
2069
2072
2073
2074
2076
2075
2077
2079
2080
2081
2082
2084
2083
2085
2086
2087
2089
2088
2090
2092
2094
2093
2097
2096
2095
2099
2100
2101
2103
2104
2102
2105
2107
2106
2108
2110
2111
2113
2112
2114
2115
2117
2116
2119
2120
2118
2121
2122
2125
2127
2128
2126
2130
2131
2132
2133
2134
2135
2138
2136
2137
2140
2141
2142
2143
2145
2144
2146
2148
2147
2152
2151
2150
2153
2155
2154
2157
2156
2158
2161
2159
2160
2164
2163
2162
2167
2165
2166
2168
2171
2170
2172
2174
2173
2176
2177
2175
2190
2178
2179
2193
2191
2192
2194
2195
2196
2199
2197
2198
2204
2203
2200
2205
2206
2207
2209
2208
2210
2213
2211
2212
2216
2214
2217
2218
2219
2220
2221
2223
2222
2225
2224
2226
2227
2229
2228
2232
2231
2230
2234
2233
2250
2257
2256
2251
2258
2259
2260
2261
2262
2263
2264
2265
2267
2278
2280
2281
2282
2283
2285
2287
2286
2289
2290
2291
2293
2294
2292
2297
2296
2295
2299
2298
2300
2302
2303
2304
2306
2305
2307
2311
2315
2312
2318
2317
2316
2319
2321
2320
2323
2322
2324
2326
2327
2325
2330
2329
2328
2333
2334
2335
2336
2338
2337
2339
2341
2340
2344
2342
2343
2345
2347
2346
2350
2352
2353
2356
2355
2354
2357
2358
2359
2365
2361
2360
2371
2369
2370
2379
2380
2372
2386
2382
2381
2390
2388
2395
2397
2399
2396
2401
2402
2400
2405
2403
2404
2408
2406
2409
2411
2410
2415
2422
2421
2420
2424
2425
2423
2426
2427
2428
2430
2431
2429
2439
2440
2443
2444
2445
2446
2447
2448
2450
2453
2454
2452
2456
2460
2455
2464
2462
2463
2469
2466
2465
2471
2472
2470
2473
2475
2474
2477
2478
2476
2479
2481
2480
2484
2483
2482
2486
2487
2485
2489
2488
2490
2505
2500
2502
2515
2508
2506
2518
2516
2517
2526
2525
2519
2527
2528
2529
2534
2530
2533
2537
2535
2536
2538
2539
2540
2545
2541
2546
2550
2548
2549
2555
2556
2551
2559
2557
2558
2563
2564
2560
2565
2566
2567
2568
2569
2570
2573
2571
2572
2575
2574
2576
2579
2577
2578
2582
2581
2580
2585
2583
2584
2588
2587
2586
2594
2590
2600
2601
2603
2602
2606
2605
2604
2607
2609
2611
2612
2615
2614
2618
2619
2617
2621
2622
2620
2624
2623
2626
2629
2628
2627
2630
2632
2631
2633
2640
2641
2642
2644
2643
2645
2646
2647
2648
2651
2650
2653
2655
2652
2656
2659
2658
2665
2663
2660
2669
2666
2668
2672
2675
2671
2680
2681
2700
2702
2701
2703
2707
2705
2706
2711
2712
2714
2713
2715
2716
2720
2717
2721
2722
2725
2726
2727
2729
2732
2730
2731
2734
2735
2733
2736
2737
2738
2745
2747
2739
2748
2749
2750
2752
2754
2753
2757
2758
2760
2761
2759
2762
2763
2765
2767
2766
2768
2770
2773
2774
2775
2776
2777
2778
2780
2779
2782
2783
2784
2787
2785
2786
2792
2791
2790
2793
2795
2794
2797
2798
2799
2800
2803
2804
2807
2805
2806
2809
2808
2810
2820
2823
2821
2824
2827
2825
2828
2829
2830
2831
2832
2833
2836
2834
2835
2839
2840
2844
2845
2843
2846
2848
2847
2849
2852
2850
2865
2866
2864
2867
2868
2869
2873
2871
2870
2874
2876
2875
2878
2877
2879
2900
2902
2880
2903
2905
2904
2912
2906
2913
2914
3000
3002
3008
3003
3006
3011
3012
3013
3015
3018
3016
3019
3021
3020
3023
3022
3024
3026
3027
3025
3028
3029
3030
3032
3033
3031
3034
3036
3037
3040
3038
3039
3043
3041
3042
3047
3044
3046
3051
3048
3049
3053
3052
3054
3055
3056
3057
3058
3060
3059
3062
3061
3064
3067
3065
3066
3071
3070
3068
3074
3072
3075
3078
3079
3076
3083
3081
3082
3084
3087
3085
3090
3089
3088
3091
3094
3093
3095
3096
3097
3101
3102
3099
3105
3104
3103
3106
3108
3107
3109
3111
3113
3115
3116
3114
3122
3123
3121
3124
3125
3126
3127
3128
3129
3132
3130
3131
3134
3135
3133
3136
3138
3137
3140
3141
3139
3143
3144
3142
3145
3147
3146
3148
3149
3150
3153
3152
3151
3156
3155
3154
3158
3159
3160
3162
3163
3161
3165
3167
3166
3168
3170
3171
3173
3172
3177
3175
3174
3180
3178
3179
3183
3181
3182
3186
3185
3184
3187
3189
3188
3191
3194
3193
3195
3196
3198
3197
3199
3201
3200
3205
3204
3202
3206
3207
3211
3216
3212
3214
3217
3219
3218
3221
3222
3220
3223
3225
3224
3226
3228
3227
3232
3231
3230
3233
3235
3236
3238
3239
3240
3241
3242
3243
3249
3250
3251
3265
3260
3264
3269
3266
3268
3271
3270
3272
3276
3275
3274
3279
3277
3278
3282
3281
3280
3283
3285
3284
3286
3289
3294
3292
3293
3301
3300
3302
3303
3304
3305
3312
3310
3311
3314
3315
3317
3321
3318
3319
3323
3324
3322
3325
3328
3330
3333
3331
3332
3337
3334
3335
3341
3340
3338
3350
3345
3342
3351
3355
3352
3357
3360
3356
3363
3361
3364
3371
3373
3370
3375
3379
3377
3384
3380
3381
3387
3390
3388
3391
3393
3392
3400
3396
3395
3409
3401
3407
3413
3412
3414
3420
3419
3418
3423
3424
3427
3428
3429
3431
3434
3437
3435
3438
3440
3441
3442
3446
3444
3450
3448
3447
3451
3453
3460
3462
3463
3461
3464
3467
3465
3472
3469
3468
3477
3475
3478
3482
3483
3480
3487
3490
3485
3491
3496
3494
3500
3501
3498
3509
3507
3505
3512
3515
3516
3517
3518
3520
3523
3522
3521
3529
3527
3525
3530
3531
3533
3542
3540
3537
3544
3546
3549
3555
3551
3550
3558
3557
3556
3559
3561
3562
3566
3563
3564
3570
3567
3568
3579
3581
3580
3586
3585
3584
3588
3590
3589
3591
3594
3595
3599
3597
3608
3610
3614
3612
3618
3620
3616
3621
3622
3623
3629
3624
3630
3634
3631
3633
3637
3636
3635
3639
3638
3640
3646
3644
3641
3659
3649
3658
3664
3665
3660
3669
3666
3670
3672
3673
3675
3682
3678
3677
3687
3683
3685
3688
3691
3690
3695
3697
3698
3701
3699
3700
3705
3707
3709
3712
3713
3711
3719
3717
3714
3720
3723
3722
3725
3727
3726
3732
3730
3728
3733
3735
3737
3738
3739
3740
3746
3744
3741
3749
3750
3747
3752
3753
3754
3758
3757
3756
3759
3761
3763
3765
3764
3766
3767
3775
3770
3779
3778
3777
3783
3782
3781
3787
3786
3788
3789
3791
3792
3793
3795
3796
3797
3802
3799
3803
3805
3804
3808
3807
3806
3809
3812
3810
3814
3815
3813
3816
3820
3818
3821
3822
3823
3825
3824
3831
3832
3835
3833
3840
3842
3844
3847
3850
3851
3856
3857
3854
3859
3858
3860
3862
3865
3869
3870
3874
3871
3880
3878
3875
3886
3885
3882
3888
3887
3889
3890
3892
3891
3895
3896
3898
3904
3902
3900
3910
3911
3909
3915
3913
3912
3919
3916
3918
3921
3923
3922
3926
3925
3927
3930
3928
3929
3933
3934
3931
3937
3938
3936
3940
3941
3939
3944
3943
3942
3946
3951
3950
3954
3956
3953
3958
3959
3960
3964
3965
3962
3971
3966
3975
3976
3977
3978
3981
3980
3984
3988
3991
3987
3992
3995
3996
4005
4000
4006
4008
4010
4007
4012
4013
4011
4017
4018
4014
4019
4020
4021
4025
4022
4030
4031
4032
4034
4035
4036
4037
4054
4051
4053
4059
4060
4055
4064
4065
4061
4067
4066
4068
4069
4070
4076
4075
4074
4078
4077
4101
4104
4103
4102
4106
4105
4107
4108
4110
4109
4111
4113
4112
4114
4116
4115
4119
4118
4117
4122
4120
4121
4123
4125
4124
4127
4129
4128
4131
4132
4130
4151
4133
4152
4155
4153
4154
4156
4158
4157
4159
4160
4163
4164
4171
4169
4172
4173
4174
4178
4179
4183
4205
4207
4184
4208
4210
4209
4212
4211
4213
4214
4215
4216
4218
4220
4217
4224
4221
4223
4226
4225
4227
4270
4272
4228
4285
4275
4280
4287
4301
4300
4304
4305
4309
4307
4306
4310
4311
4313
4340
4341
4343
4344
4342
4347
4346
4350
4352
4355
4354
4356
4358
4357
4361
4360
4359
4364
4363
4362
4371
4365
4370
4377
4374
4373
4380
4381
4382
4387
4383
4385
4390
4400
4388
4402
4403
4401
4407
4404
4405
4411
4408
4410
4412
4413
4415
4418
4416
4417
4420
4421
4419
4424
4423
4422
4426
4427
4425
4454
4428
4455
4462
4467
4465
4474
4468
4472
4477
4478
4480
4482
4481
4486
4489
4488
4487
4491
4490
4492
4494
4497
4496
4498
4501
4500
4503
4502
4504
4505
4506
4507
4509
4508
4510
4511
4512
4514
4517
4515
4516
4519
4518
4520
4550
4521
4551
4555
4553
4554
4558
4557
4556
4559
4560
4561
4563
4562
4564
4565
4566
4567
4568
4569
4570
4571
4572
4573
4575
4574
4580
4581
4601
4600
4605
4606
4608
4610
4612
4613
4620
4614
4615
4621
4625
4650
4627
4630
4660
4659
4655
4662
4671
4670
4676
4673
4674
4678
4680
4677
4694
4699
4695
4700
4701
4702
4706
4703
4705
4707
4710
4711
4715
4712
4714
4716
4717
4718
4719
4720
4721
4724
4722
4723
4727
4725
4726
4731
4730
4728
4733
4732
4735
4736
4738
4737
4741
4740
4739
4743
4742
4744
4745
4750
4746
4756
4753
4754
4798
4757
4799
4804
4802
4800
4806
4807
4805
4808
4809
4810
4811
4814
4812
4817
4815
4816
4820
4818
4819
4822
4823
4821
4828
4824
4825
4830
4829
4849
4852
4854
4850
4856
4855
4858
4859
4861
4860
4868
4869
4865
4871
4872
4870
4873
4875
4874
4879
4878
4877
4881
4882
4880
4883
4885
4884
4887
4886
4888
4895
4891
4890
5007
5006
5000
5008
5010
5009
5011
5013
5012
5015
5016
5014
5019
5017
5018
5020
5022
5021
5023
5024
5025
5031
5033
5032
5034
5037
5035
5039
5038
5040
5043
5041
5042
5044
5045
5046
5048
5047
5049
5052
5051
5050
5061
5062
5063
5064
5066
5065
5068
5069
5067
5070
5073
5072
5074
5076
5075
5083
5081
5082
5084
5086
5085
5088
5087
5089
5090
5092
5091
5094
5095
5093
5097
5098
5096
5106
5109
5107
5111
5110
5112
5115
5113
5114
5117
5116
5118
5120
5121
5125
5126
5127
5131
5132
5133
5134
5138
5137
5136
5140
5142
5141
5151
5144
5152
5155
5153
5154
5156
5157
5158
5160
5159
5161
5162
5163
5164
5168
5166
5165
5170
5169
5171
5174
5173
5172
5203
5202
5201
5210
5204
5211
5213
5214
5212
5222
5221
5223
5232
5231
5233
5236
5234
5235
5240
5237
5238
5242
5243
5241
5245
5250
5244
5252
5253
5251
5254
5256
5255
5261
5260
5259
5262
5265
5264
5266
5268
5267
5269
5271
5270
5275
5272
5276
5279
5277
5278
5291
5280
5290
5303
5302
5301
5306
5304
5307
5308
5311
5321
5322
5320
5330
5332
5331
5340
5341
5333
5344
5342
5345
5346
5350
2038
2284
2025
2756
2842
3190
3169
3192
4161
4073
3287
4170
4165
4303
4626
5309
4312
5351
5352
5343
5354
5353
5355
5371
5356
5357
5374
5373
5372
5401
5381
5400
5411
5410
5412
5416
5413
5415
5418
5419
5417
5420
5421
5422
5432
5433
5431
5440
5434
5451
5453
5454
5452
5460
5461
5462
5464
5471
5470
5472
5473
5480
5481
5483
5482
5485
5491
5490
5495
5501
5502
5510
5520
5521
5523
5522
5540
5554
5550
5552
5555
5556
5558
5560
5570
5571
5572
5573
5575
5580
5577
5576
5583
5582
5581
5601
5602
5600
5604
5605
5603
5608
5607
5606
5632
5631
5609
5641
5633
5640
5650
5642
5652
5653
5655
5654
5661
5670
5671
5690
5680
5700
5720
5723
5722
5731
5730
5725
5732
5733
6000
6004
6003
6005
6008
6006
6007
6011
6009
6010
6012
6014
6015
6016
6018
6017
6020
6021
6019
6024
6022
6023
6025
6026
6027
6029
6028
6030
6031
6032
6033
6034
6035
6036
6041
6037
6042
6043
6050
6044
6053
6052
6051
6054
6055
6056
6058
6059
6057
6060
6062
6061
6064
6065
6063
6069
6066
6068
6072
6071
6070
6073
6074
6076
6083
6081
6082
6090
6084
6100
6102
6103
6101
6106
6104
6105
6107
6108
6109
6111
6110
6112
6121
6122
6123
6124
6125
6126
6147
6148
6149
6151
6150
6152
6153
6154
6155
6158
6157
6156
6159
6162
6160
6165
6164
6163
6167
6166
6168
6169
6170
6171
6172
6174
6173
6207
6175
6176
6213
6208
6210
6215
6214
6218
6221
6220
6224
6225
6226
6227
6229
6228
6230
6236
6232
6233
6244
6237
6239
6254
6253
6251
6255
6256
6258
6271
6260
6262
6275
6280
6281
6284
6285
6286
6290
6302
6288
6308
6306
6304
6309
6311
6312
6315
6316
6317
6318
6320
6321
6322
6324
6323
6328
6326
6330
6335
6333
6336
6341
6337
6338
6343
6346
6348
6353
6350
6352
6356
6358
6355
6361
6363
6359
6368
6367
6365
6372
6370
6369
6373
6375
6383
6386
6390
6391
6394
6395
6392
6396
6397
6398
6405
6407
6401
6410
6411
6409
6420
6415
6418
6425
6421
6423
6426
6429
6430
6434
6431
6432
6438
6436
6440
6445
6442
6443
6448
6450
6460
6462
6468
6461
6470
6473
6472
6476
6477
6475
6485
6484
6479
6490
6489
6488
6501
6502
6503
6505
6507
6510
6513
6514
6511
6515
6517
6516
6518
6521
6519
6525
6522
6528
6535
6532
6530
6537
6536
6556
6562
6558
6560
6567
6568
6566
6572
6575
6569
6608
6606
6603
6612
6616
6609
6627
6620
6623
6635
6630
6638
6646
6642
6640
6705
6707
6701
6710
6714
6713
6720
6721
6718
6726
6722
6725
6728
6740
6743
6754
6753
6751
6765
6760
6758
7004
7000
6770
7008
7007
7005
7009
7011
7010
7015
7016
7012
7018
7017
7019
7020
7021
7022
7024
7025
7023
7027
7030
7026
7053
7052
7050
7055
7054
7109
7113
7112
7116
7117
7120
7140
7162
7155
7150
7170
7163
7171
7177
7172
7173
7178
7180
7179
7185
7182
7184
7209
7190
7186
7211
7210
7212
7213
7215
7214
7249
7248
7216
7252
7250
7253
7255
7254
7256
7258
7259
7260
7262
7263
7261
7267
7265
7264
7270
7268
7275
7276
7290
7277
7292
7300
7291
7301
7303
7302
7305
7306
7304
7315
7307
7310
7316
7321
7320
7325
7322
7330
7466
7331
7467
7470
7469
7468
2710
